-0.000000 0.000000 0.000000
0.002576 0.009767 0.000000
0.006272 0.019204 0.000000
0.008339 0.029133 0.000000
0.017661 0.036340 0.000000
0.014901 0.048257 0.000000
0.011539 0.059497 0.000000
0.014600 0.069183 0.000000
0.052659 0.061294 0.000000
0.058202 0.069836 0.000000
0.049008 0.088325 0.000000
0.053653 0.097299 0.000000
0.056620 0.107175 0.000000
0.087890 0.097563 0.000000
0.093165 0.106388 0.000000
0.055600 0.140945 0.000000
0.126881 0.100104 0.000000
0.144072 0.093435 0.000000
0.083141 0.161695 0.000000
0.144709 0.126065 0.000000
0.175284 0.100438 0.000000
0.109102 0.181912 0.000000
0.169601 0.143591 0.000000
0.193946 0.127902 0.000000
0.233843 0.063929 0.000000
0.138011 0.211476 0.000000
0.226795 0.132426 0.000000
0.229089 0.147981 0.000000
0.219151 0.178787 0.000000
0.268907 0.116176 0.000000
0.291111 0.084155 0.000000
0.307435 0.059456 0.000000
0.275011 0.169847 0.000000
0.303727 0.137334 0.000000
0.337778 0.062075 0.000000
0.344831 0.077965 0.000000
0.352880 0.087790 0.000000
0.371543 -0.040436 0.000000
0.382624 0.030510 0.000000
0.393214 0.023897 0.000000
0.404014 -0.004584 0.000000
0.395469 0.122953 0.000000
0.401025 -0.138421 0.000000
0.419646 -0.112034 0.000000
0.438391 -0.073103 0.000000
0.438264 -0.120567 0.000000
0.395188 -0.244383 0.000000
0.474669 -0.008638 0.000000
0.349768 -0.335768 0.000000
0.420590 -0.260919 0.000000
0.453288 -0.222725 0.000000
0.480402 -0.185997 0.000000
0.355004 -0.387121 0.000000
0.347595 -0.407162 0.000000
0.525558 -0.145979 0.000000
0.438964 -0.340518 0.000000
0.464646 -0.322601 0.000000
0.516109 -0.255203 0.000000
0.412538 -0.415984 0.000000
0.347644 -0.484057 0.000000
0.430018 -0.427076 0.000000
0.432156 -0.439200 0.000000
0.330718 -0.531818 0.000000
0.250539 -0.584969 0.000000
0.099243 -0.638802 0.000000
0.350950 -0.554899 0.000000
0.392985 -0.538524 0.000000
0.375422 -0.563092 0.000000
0.290931 -0.622212 0.000000
0.103369 -0.689262 0.000000
0.216022 -0.673263 0.000000
0.287319 -0.657102 0.000000
0.327896 -0.649161 0.000000
-0.150652 -0.721820 0.000000
-0.020798 -0.747185 0.000000
0.032394 -0.756883 0.000000
0.192460 -0.743160 0.000000
0.004007 -0.777767 0.000000
0.035104 -0.787096 0.000000
-0.170985 -0.779446 0.000000
-0.020397 -0.807823 0.000000
-0.038034 -0.817297 0.000000
-0.085572 -0.823851 0.000000
-0.385162 -0.744673 0.000000
-0.153699 -0.834448 0.000000
-0.069325 -0.855783 0.000000
-0.295990 -0.816705 0.000000
-0.236370 -0.846403 0.000000
-0.112287 -0.881768 0.000000
-0.459515 -0.772676 0.000000
-0.647842 -0.637768 0.000000
-0.327945 -0.858700 0.000000
-0.738297 -0.564361 0.000000
-0.550589 -0.761126 0.000000
-0.526891 -0.789890 0.000000
-0.478348 -0.831870 0.000000
-0.406962 -0.880167 0.000000
-0.615705 -0.762175 0.000000
-0.772628 -0.618826 0.000000
-0.491123 -0.871090 0.000000
-0.000000 -0.000000 1.000000
-0.008868 -0.004837 1.000000
-0.017287 -0.010454 1.000000
-0.030068 -0.003764 1.000000
-0.034586 -0.020887 1.000000
-0.033573 -0.037731 1.000000
-0.056018 -0.023132 1.000000
-0.063106 -0.031891 1.000000
-0.076899 -0.024829 1.000000
-0.058833 -0.069305 1.000000
-0.099987 0.014338 1.000000
-0.101469 -0.045274 1.000000
-0.111967 -0.046430 1.000000
-0.117111 -0.059398 1.000000
-0.141309 -0.005456 1.000000
-0.151515 -0.000259 1.000000
-0.158755 -0.030276 1.000000
-0.159576 -0.063422 1.000000
-0.181811 0.001622 1.000000
-0.191526 -0.012286 1.000000
-0.194886 -0.053214 1.000000
-0.200851 0.068222 1.000000
-0.222201 0.003089 1.000000
-0.224303 0.060516 1.000000
-0.237211 0.050006 1.000000
-0.235030 0.092358 1.000000
-0.224174 0.136815 1.000000
-0.249075 0.111094 1.000000
-0.264146 0.101087 1.000000
-0.286495 0.061057 1.000000
-0.300865 0.036163 1.000000
-0.273612 0.152274 1.000000
-0.166653 0.276958 1.000000
-0.286240 0.170815 1.000000
-0.231219 0.253939 1.000000
-0.314486 0.161511 1.000000
-0.248292 0.265674 1.000000
-0.310565 0.207917 1.000000
-0.288304 0.253403 1.000000
-0.344609 0.190874 1.000000
-0.246687 0.319991 1.000000
-0.311498 0.272914 1.000000
-0.263366 0.332596 1.000000
-0.268456 0.341447 1.000000
-0.129994 0.425009 1.000000
-0.197450 0.409421 1.000000
-0.084928 0.456819 1.000000
-0.143618 0.452503 1.000000
-0.210434 0.436801 1.000000
-0.038044 0.493485 1.000000
-0.081324 0.498460 1.000000
-0.291505 0.424742 1.000000
0.083078 0.518641 1.000000
-0.104160 0.525123 1.000000
-0.091904 0.537656 1.000000
0.103558 0.545818 1.000000
0.159925 0.542579 1.000000
-0.098506 0.567268 1.000000
-0.013112 0.585712 1.000000
0.120621 0.583625 1.000000
0.113074 0.595419 1.000000
0.244045 0.565771 1.000000
-0.055426 0.623805 1.000000
-0.066077 0.632924 1.000000
0.136135 0.631968 1.000000
-0.053611 0.654373 1.000000
0.431513 0.508174 1.000000
0.237775 0.633623 1.000000
0.327935 0.603529 1.000000
0.155152 0.679481 1.000000
0.426618 0.563867 1.000000
0.370801 0.613874 1.000000
0.379389 0.620476 1.000000
0.297159 0.674845 1.000000
0.455938 0.592316 1.000000
0.305968 0.693040 1.000000
0.550541 0.535007 1.000000
0.582500 0.515395 1.000000
0.562310 0.551870 1.000000
0.621990 0.499901 1.000000
0.419459 0.690687 1.000000
0.628418 0.523939 1.000000
0.661909 0.497924 1.000000
0.720648 0.428431 1.000000
0.812600 0.244148 1.000000
0.802143 0.306164 1.000000
0.843104 0.209267 1.000000
0.845371 -0.240033 1.000000
0.877644 0.140943 1.000000
0.871054 0.222368 1.000000
0.880706 0.225396 1.000000
0.886834 0.241742 1.000000
0.912156 0.177644 1.000000
0.920412 0.187890 1.000000
0.857614 0.407478 1.000000
0.826448 0.487655 1.000000
0.930257 0.273741 1.000000
0.970992 0.131066 1.000000
0.980656 -0.134958 1.000000
0.981615 -0.190873 1.000000
0.000000 -0.000000 2.000000
0.007920 -0.006269 2.000000
0.020002 -0.002839 2.000000
0.029957 -0.004567 2.000000
0.039304 -0.009362 2.000000
0.047894 -0.016028 2.000000
0.055655 -0.023992 2.000000
0.059452 -0.038274 2.000000
0.044762 -0.067278 2.000000
0.077222 -0.047971 2.000000
0.081870 -0.059164 2.000000
0.095168 -0.057348 2.000000
0.094495 -0.075915 2.000000
0.114465 -0.064350 2.000000
0.082954 -0.114528 2.000000
0.119431 -0.093236 2.000000
0.123340 -0.104437 2.000000
0.125564 -0.117135 2.000000
0.085742 -0.160331 2.000000
0.105398 -0.160388 2.000000
0.130131 -0.154525 2.000000
0.119005 -0.175594 2.000000
0.048233 -0.216925 2.000000
0.090142 -0.214123 2.000000
0.136549 -0.200310 2.000000
0.153691 -0.200370 2.000000
0.132106 -0.226981 2.000000
-0.023358 -0.271725 2.000000
0.067889 -0.274560 2.000000
0.107318 -0.272563 2.000000
0.149581 -0.263539 2.000000
0.110708 -0.292908 2.000000
0.150210 -0.286210 2.000000
-0.005313 -0.333291 2.000000
0.019355 -0.342888 2.000000
0.048538 -0.350187 2.000000
0.064681 -0.357838 2.000000
-0.006953 -0.373673 2.000000
-0.060542 -0.379034 2.000000
-0.055966 -0.389944 2.000000
-0.132966 -0.381535 2.000000
-0.049527 -0.411169 2.000000
-0.136476 -0.401691 2.000000
-0.042408 -0.432268 2.000000
-0.203533 -0.395102 2.000000
-0.221379 -0.396993 2.000000
-0.179509 -0.428571 2.000000
-0.203021 -0.429148 2.000000
-0.329398 -0.355773 2.000000
-0.356564 -0.343274 2.000000
-0.137435 -0.485991 2.000000
-0.284666 -0.429356 2.000000
-0.373353 -0.369456 2.000000
-0.318896 -0.430010 2.000000
-0.470619 -0.275751 2.000000
-0.401182 -0.384312 2.000000
-0.310672 -0.472705 2.000000
-0.372561 -0.438971 2.000000
-0.541955 -0.222520 2.000000
-0.456606 -0.382987 2.000000
-0.464890 -0.388827 2.000000
-0.566011 -0.243489 2.000000
-0.569518 -0.260488 2.000000
-0.600921 -0.209411 2.000000
-0.569497 -0.305924 2.000000
-0.527147 -0.391401 2.000000
-0.666521 -0.013939 2.000000
-0.668964 -0.102477 2.000000
-0.686367 0.026240 2.000000
-0.695297 -0.048260 2.000000
-0.681037 -0.190099 2.000000
-0.717037 0.013887 2.000000
-0.703979 0.182591 2.000000
-0.675844 -0.294882 2.000000
-0.742508 0.086024 2.000000
-0.749919 -0.107435 2.000000
-0.749004 0.168289 2.000000
-0.763401 0.148854 2.000000
-0.775938 0.136647 2.000000
-0.695867 0.390565 2.000000
-0.807423 0.032602 2.000000
-0.818051 0.014605 2.000000
-0.801234 0.209945 2.000000
-0.743836 0.386776 2.000000
-0.762743 0.371684 2.000000
-0.578596 0.634347 2.000000
-0.734831 0.463293 2.000000
-0.820522 0.314661 2.000000
-0.865443 0.202810 2.000000
-0.785082 0.437983 2.000000
-0.567566 0.710152 2.000000
-0.808157 0.437945 2.000000
-0.610176 0.700907 2.000000
-0.693675 0.633464 2.000000
-0.499491 0.807496 2.000000
-0.699285 0.657134 2.000000
-0.591022 0.768769 2.000000
-0.657275 0.726632 2.000000
-0.475788 0.868059 2.000000
-0.629547 0.776962 2.000000
